69 6d 70 6f 72 74 20 4e  61 76 62 61 72 20 66 72
6f 6d 20 27 40 2f 63 6f  6d 70 6f 6e 65 6e 74 73
2f 4e 61 76 62 61 72 27  3b 0a 69 6d 70 6f 72 74
20 43 6c 69 65 6e 74 4c  69 67 68 74 50 69 6c 6c
61 72 20 66 72 6f 6d 20  27 40 2f 63 6f 6d 70 6f
6e 65 6e 74 73 2f 43 6c  69 65 6e 74 4c 69 67 68
74 50 69 6c 6c 61 72 27  3b 0a 69 6d 70 6f 72 74
20 42 61 73 68 65 72 4d  61 67 61 7a 69 6e 65 20
66 72 6f 6d 20 27 40 2f  63 6f 6d 70 6f 6e 65 6e
74 73 2f 42 61 73 68 65  72 4d 61 67 61 7a 69 6e
65 27 3b 0a 69 6d 70 6f  72 74 20 7b 20 73 75 70
61 62 61 73 65 20 7d 20  66 72 6f 6d 20 27 40 2f
6c 69 62 2f 73 75 70 61  62 61 73 65 27 3b 0a 0a
69 6e 74 65 72 66 61 63  65 20 42 61 73 68 65 72
49 73 73 75 65 20 7b 0a  20 20 69 64 3a 20 73 74
72 69 6e 67 3b 0a 20 20  69 73 73 75 65 5f 6e 75
6d 62 65 72 3a 20 6e 75  6d 62 65 72 3b 0a 20 20
74 69 74 6c 65 3a 20 73  74 72 69 6e 67 3b 0a 20
20 70 75 62 6c 69 73 68  5f 64 61 74 65 3a 20 73
74 72 69 6e 67 3b 0a 20  20 70 61 67 65 73 3a 20
73 74 72 69 6e 67 5b 5d  3b 0a 7d 0a 0a 65 78 70
6f 72 74 20 64 65 66 61  75 6c 74 20 61 73 79 6e
63 20 66 75 6e 63 74 69  6f 6e 20 42 61 73 68 65
72 50 61 67 65 28 29 20  7b 0a 20 20 63 6f 6e 73
74 20 7b 20 64 61 74 61  3a 20 69 73 73 75 65 73
2c 20 65 72 72 6f 72 20  7d 20 3d 20 61 77 61 69
74 20 73 75 70 61 62 61  73 65 0a 20 20 20 20 2e
66 72 6f 6d 28 27 62 61  73 68 65 72 5f 69 73 73
75 65 73 27 29 0a 20 20  20 20 2e 73 65 6c 65 63
74 28 27 2a 27 29 0a 20  20 20 20 2e 65 71 28 27
73 74 61 74 75 73 27 2c  20 27 70 75 62 6c 69 73
68 65 64 27 29 0a 20 20  20 20 2e 6f 72 64 65 72
28 27 69 73 73 75 65 5f  6e 75 6d 62 65 72 27 2c
20 7b 20 61 73 63 65 6e  64 69 6e 67 3a 20 66 61
6c 73 65 20 7d 29 3b 0a  0a 20 20 69 66 20 28 65
72 72 6f 72 29 20 7b 0a  20 20 20 20 63 6f 6e 73
6f 6c 65 2e 65 72 72 6f  72 28 27 46 61 69 6c 65
64 20 74 6f 20 66 65 74  63 68 20 62 61 73 68 65
72 20 69 73 73 75 65 73  3a 27 2c 20 65 72 72 6f
72 2e 6d 65 73 73 61 67  65 29 3b 0a 20 20 7d 0a
0a 20 20 63 6f 6e 73 74  20 61 6c 6c 49 73 73 75
65 73 20 3d 20 28 69 73  73 75 65 73 20 3f 3f 20
5b 5d 29 20 61 73 20 42  61 73 68 65 72 49 73 73
75 65 5b 5d 3b 0a 20 20  63 6f 6e 73 74 20 6e 65
77 65 73 74 49 73 73 75  65 20 3d 20 61 6c 6c 49
73 73 75 65 73 5b 30 5d  20 3f 3f 20 6e 75 6c 6c
3b 0a 20 20 63 6f 6e 73  74 20 6f 6c 64 65 72 49
73 73 75 65 73 20 3d 20  61 6c 6c 49 73 73 75 65
73 2e 73 6c 69 63 65 28  31 29 3b 0a 0a 20 20 72
65 74 75 72 6e 20 28 0a  20 20 20 20 3c 6d 61 69
6e 20 63 6c 61 73 73 4e  61 6d 65 3d 22 72 65 6c
61 74 69 76 65 20 6d 69  6e 2d 68 2d 73 63 72 65
65 6e 20 62 67 2d 5b 23  30 35 30 35 30 35 5d 20
74 65 78 74 2d 73 6c 61  74 65 2d 31 30 30 20 6f
76 65 72 66 6c 6f 77 2d  78 2d 68 69 64 64 65 6e
22 3e 0a 20 20 20 20 20  20 3c 64 69 76 20 63 6c
61 73 73 4e 61 6d 65 3d  22 61 62 73 6f 6c 75 74
65 20 69 6e 73 65 74 2d  30 20 7a 2d 30 20 70 6f
69 6e 74 65 72 2d 65 76  65 6e 74 73 2d 6e 6f 6e
65 20 6f 70 61 63 69 74  79 2d 36 30 22 3e 0a 20
20 20 20 20 20 20 20 3c  43 6c 69 65 6e 74 4c 69
67 68 74 50 69 6c 6c 61  72 0a 20 20 20 20 20 20
20 20 20 20 74 6f 70 43  6f 6c 6f 72 3d 22 23 66
66 30 30 30 30 22 0a 20  20 20 20 20 20 20 20 20
20 62 6f 74 74 6f 6d 43  6f 6c 6f 72 3d 22 23 66
66 35 35 30 30 22 0a 20  20 20 20 20 20 20 20 20
20 69 6e 74 65 6e 73 69  74 79 3d 7b 30 2e 37 7d
0a 20 20 20 20 20 20 20  20 20 20 72 6f 74 61 74
69 6f 6e 53 70 65 65 64  3d 7b 30 2e 32 7d 0a 20
20 20 20 20 20 20 20 20  20 67 6c 6f 77 41 6d 6f
75 6e 74 3d 7b 30 2e 30  30 32 7d 0a 20 20 20 20
20 20 20 20 20 20 70 69  6c 6c 61 72 57 69 64 74
68 3d 7b 32 2e 35 7d 0a  20 20 20 20 20 20 20 20
20 20 70 69 6c 6c 61 72  48 65 69 67 68 74 3d 7b
30 2e 33 7d 0a 20 20 20  20 20 20 20 20 20 20 6e
6f 69 73 65 49 6e 74 65  6e 73 69 74 79 3d 7b 30
2e 35 7d 0a 20 20 20 20  20 20 20 20 20 20 70 69
6c 6c 61 72 52 6f 74 61  74 69 6f 6e 3d 7b 39 30
7d 0a 20 20 20 20 20 20  20 20 20 20 69 6e 74 65
72 61 63 74 69 76 65 3d  7b 66 61 6c 73 65 7d 0a
20 20 20 20 20 20 20 20  20 20 6d 69 78 42 6c 65
6e 64 4d 6f 64 65 3d 22  73 63 72 65 65 6e 22 0a
20 20 20 20 20 20 20 20  2f 3e 0a 20 20 20 20 20
20 20 20 3c 64 69 76 20  63 6c 61 73 73 4e 61 6d
65 3d 22 61 62 73 6f 6c  75 74 65 20 69 6e 73 65
74 2d 30 20 62 67 2d 67  72 61 64 69 65 6e 74 2d
74 6f 2d 62 20 66 72 6f  6d 2d 74 72 61 6e 73 70
61 72 65 6e 74 20 76 69  61 2d 5b 23 30 35 30 35
30 35 5d 2f 35 30 20 74  6f 2d 5b 23 30 35 30 35
30 35 5d 22 20 2f 3e 0a  20 20 20 20 20 20 3c 2f
64 69 76 3e 0a 0a 20 20  20 20 20 20 3c 4e 61 76
62 61 72 20 2f 3e 0a 0a  20 20 20 20 20 20 3c 73
65 63 74 69 6f 6e 20 63  6c 61 73 73 4e 61 6d 65
3d 22 72 65 6c 61 74 69  76 65 20 7a 2d 31 30 20
6d 61 78 2d 77 2d 37 78  6c 20 6d 78 2d 61 75 74
6f 20 70 78 2d 36 20 70  62 2d 32 30 22 3e 0a 20
20 20 20 20 20 20 20 3c  64 69 76 20 63 6c 61 73
73 4e 61 6d 65 3d 22 74  65 78 74 2d 63 65 6e 74
65 72 20 6d 62 2d 31 32  20 70 74 2d 31 36 22 3e
0a 20 20 20 20 20 20 20  20 20 20 3c 68 31 20 63
6c 61 73 73 4e 61 6d 65  3d 22 74 65 78 74 2d 35
78 6c 20 6d 64 3a 74 65  78 74 2d 36 78 6c 20 66
6f 6e 74 2d 65 78 74 72  61 62 6f 6c 64 20 74 72
61 63 6b 69 6e 67 2d 74  69 67 68 74 20 6d 62 2d
34 20 64 72 6f 70 2d 73  68 61 64 6f 77 2d 6c 67
22 3e 0a 20 20 20 20 20  20 20 20 20 20 20 20 42
61 73 68 65 72 0a 20 20  20 20 20 20 20 20 20 20
3c 2f 68 31 3e 0a 20 20  20 20 20 20 20 20 20 20
3c 70 20 63 6c 61 73 73  4e 61 6d 65 3d 22 74 65
78 74 2d 73 6c 61 74 65  2d 34 30 30 20 74 65 78
74 2d 6c 67 20 6d 61 78  2d 77 2d 32 78 6c 20 6d
78 2d 61 75 74 6f 22 3e  0a 20 20 20 20 20 20 20
20 20 20 20 20 4d 61 67  61 7a 79 6e 20 73 70 6f
c5 82 65 63 7a 6e 6f c5  9b 63 69 20 44 6f 74 61
20 32 20 49 6e 68 6f 75  73 65 0a 20 20 20 20 20
20 20 20 20 20 3c 2f 70  3e 0a 20 20 20 20 20 20
20 20 3c 2f 64 69 76 3e  0a 0a 20 20 20 20 20 20
20 20 7b 61 6c 6c 49 73  73 75 65 73 2e 6c 65 6e
67 74 68 20 3d 3d 3d 20  30 20 3f 20 28 0a 20 20
20 20 20 20 20 20 20 20  3c 64 69 76 20 63 6c 61
73 73 4e 61 6d 65 3d 22  74 65 78 74 2d 63 65 6e
74 65 72 20 70 79 2d 32  30 22 3e 0a 20 20 20 20
20 20 20 20 20 20 20 20  3c 70 20 63 6c 61 73 73
4e 61 6d 65 3d 22 74 65  78 74 2d 73 6c 61 74 65
2d 35 30 30 20 74 65 78  74 2d 6c 67 22 3e 42 72
61 6b 20 77 79 64 61 c5  84 20 6d 61 67 61 7a 79
6e 75 20 42 61 73 68 65  72 2e 20 57 72 c3 b3 c4
87 20 70 c3 b3 c5 ba 6e  69 65 6a 2e 3c 2f 70 3e
0a 20 20 20 20 20 20 20  20 20 20 3c 2f 64 69 76
3e 0a 20 20 20 20 20 20  20 20 29 20 3a 20 28 0a
20 20 20 20 20 20 20 20  20 20 3c 42 61 73 68 65
72 4d 61 67 61 7a 69 6e  65 0a 20 20 20 20 20 20
20 20 20 20 20 20 69 73  73 75 65 73 3d 7b 6f 6c
64 65 72 49 73 73 75 65  73 7d 0a 20 20 20 20 20
20 20 20 20 20 20 20 6e  65 77 65 73 74 49 73 73
75 65 3d 7b 6e 65 77 65  73 74 49 73 73 75 65 21
7d 0a 20 20 20 20 20 20  20 20 20 20 2f 3e 0a 20
20 20 20 20 20 20 20 29  7d 0a 20 20 20 20 20 20
3c 2f 73 65 63 74 69 6f  6e 3e 0a 20 20 20 20 3c
2f 6d 61 69 6e 3e 0a 20  20 29 3b 0a 7d 0a
